//btn
CreateDynamicObject(19305, 252.95264, 107.67332, 1004.00909,   0.00000, 0.00000, 264.79898);
CreateDynamicObject(19305, 253.43437, 110.62970, 1003.92737,   0.00000, 0.00000, 91.00000);

//close
CreateDynamicObject(1569, 253.10965, 107.61060, 1002.21368,   0.00000, 0.00000, 91.00000);
CreateDynamicObject(1569, 253.12556, 110.49657, 1002.21460,   0.00000, 0.00000, -91.00000);

//open
CreateDynamicObject(1569, 253.14204, 106.60210, 1002.21368,   0.00000, 0.00000, 91.00000);
CreateDynamicObject(1569, 253.24377, 111.94370, 1002.21460,   0.00000, 0.00000, -91.00000);

//btn
CreateDynamicObject(19305, 239.82739, 116.12640, 1004.00238,   0.00000, 0.00000, 91.00000);
CreateDynamicObject(19305, 238.75888, 116.12949, 1003.94086,   0.00000, 0.00000, 185.00000);

//close1
CreateDynamicObject(1569, 239.69435, 116.15908, 1002.21411,   0.00000, 0.00000, 91.00000);
CreateDynamicObject(1569, 239.64050, 119.08750, 1002.21332,   0.00000, 0.00000, 270.00000);

//open1
CreateDynamicObject(1569, 239.52385, 114.75534, 1002.21411,   0.00000, 0.00000, 91.00000);
CreateDynamicObject(1569, 239.71977, 120.21591, 1002.21332,   0.00000, 0.00000, 270.00000);